6070.783168761231
142.5667884747491
36.01400662160186
88.54775629321328
37.31345232333512
49.95020166561802
46.421756557467106
36.926537260962874
87.43175605668755
60.69511764480789
47.36305090933477
34.43658514214842
27.212781375059468
84.78443341993557
46.853663523323135
38.461969916974176
48.844361879500504
48.38670864561166
27.65926015149487
22.596125066269277
54.862031169158584
19.172102578324537
75.42434018951309
34.79783254696031
32.43059264483387
24.65963500716209
16.093545527751697
10.979137436672112
40.45266786754812
36.2787503334554
25.309110818557155
17.493184642539624
22.764341389609477
29.647949473325433
46.08301919752016
28.187322106412584
37.31320719592774
17.026338960108564
45.794970714921995
16.7039808438846
24.600951431408046
7.701171595561431
25.207467132760247
27.40525534290747
21.155404524695367
39.79290074656157
22.495976394208114
22.256355811258228
21.256263383617696
36.9845806703183
45.35064264949281
54.1902229955649
99.67068047076008
24.27702695663905
33.32601389437651
87.91971702896878
38.1457647997248
39.04989779035794
16.896721838015473
37.42521510295954
17.356661535150174
53.23312481203095
42.701010416548215
26.045894722494364
34.694972799704686
42.419890027486005
16.0664344474573
20.8667697349393
45.86426433101935
26.283780284252956
22.19437145621483
29.211099140447196
30.29727629995131
16.073953097576652
51.06505477011491
23.5092561042465
21.640842503355394
22.768891855894474
12.116755901680362
15.544216619140002
39.60032145428004
45.88157191456182
18.843197994497118
13.412698352702753
26.463608278215602
40.228169070749956
25.320402292219704
32.55590607759154
45.88602264971902
35.909012567700316
35.9304951681381
13.753924476739162
62.36851135136567
42.36970641656475
26.67455827665024
14.383558551290596
50.082867085327884
45.04081367964908
64.25671437783971
48.950082802089575
25.052210375035177
12.560195686991527
18.879523136196255
48.51472800156838
15.654536176113568
26.447908437062743
12.655150908457847
9.565889409645138
28.286813663851277
40.612471709252205
18.4937433165318
35.512774058623954
31.056582810058252
36.81595304406847
29.717406068261262
24.137962200002775
37.631538610508294
38.367947548947335
35.09967458520128
50.37399944482261
17.738602503880266
8.69306359626225
39.217906309120785
28.613838676348067
32.6015950519269
11.95703510089981
24.62593076516548
19.409480135314805
23.592162674923028
45.27737472457306
40.743658154663805
25.975579616203746
13.568824748619459
16.089604573401964
23.479362244835507
42.838125734822604
22.441695637772543
11.007725026340816
25.191987158617355
26.566279760855295
44.95426210206234
8.63506135202127
16.156593247412683
16.350820011002636
22.467349275421643
42.04790455718392
30.395414470670563
29.355907031735278
24.317523660265987
20.22220211009665
38.138187812931086
12.236682974850792
7.2366351251220475
13.921463410083614
19.257751080964777
14.128964718072039
8.679735204937991
43.29833097504438
44.13624576781923
11.004927438882303
14.57047826566616
28.373122013284732
16.478752361033674
25.609795585261946
9.220237441934255
15.577417800084577
23.987721257190618
47.144717365343055
17.32254701980947
17.74671609638333
49.50697880564113
22.5648645901744
18.2282345093825
18.335699825221454
17.787003340871877
18.745580203552667
18.46192435287536
25.133835421334375
25.94846390439579
18.042785294131896
18.92812925622615
10.724243800362201
9.376978433946407
10.188525712977336
9.875072958534723
28.274843139233365
32.11507825875405
12.554409893246024
37.0803113524897
16.41392624491454
45.61015632401312
8.46604544848729
18.764501170679107
28.561910397495378
28.24533833429012
21.52669890990179
21.060434187028804
30.703425324402264
9.469698428063737
8.485059436264182
44.493903513795864
12.805001048431864
11.515620255652086
14.442040351891686
24.253849694234322
28.845048127751344
60.95453284807344
45.424252906820456
12.08470720591721
17.771463253524267
52.2933291983811
27.144656876566707
17.998619105403495
24.866522405828977
14.760391579299583
31.565087576853557
21.157788233618096
23.038130715573246
18.590603582516298
15.069974839377291
42.325006636371306
37.637137314701405
22.41010553335426
20.211766113898953
49.81900058533438
21.107343668547564
50.01397172990141
26.850244611873855
52.04553343806687
19.083088455232712
16.83414115317994
31.771646987313712
47.65664358921098
49.52371260970825
33.00569743925711
43.040527583662055
25.827371146631915
33.238989402432175
20.390291774041813
15.290180506824507
19.893846409097186
13.195436288087157
14.490589209861453
25.394013231322855
17.874059300120184
44.35195217508126
22.509213189275844
29.933818109562143
22.946676512312354
44.68082947187411
43.4955054663009
20.81147926364141
46.49545003927882
13.813613924963516
16.770373551181123
68.37481577198585
23.96475029436176
20.155864275226328
13.26382996341291
34.6090921691306
12.155087342936488
43.69430284866106
30.33436643765678
8.113542299627378
34.32065704852585
8.381907828127316
53.72370792797467
13.922845343183884
11.651880493295454
12.387710822112014
20.2383381840848
8.83963965481941
16.716844250448816
21.083151590611216
56.357997611923466
22.762403621454855
11.560943768550112
24.167505519371122
11.140599789341087
18.687810245664206
16.39816341318012
37.17906318360585
45.28492501902234
11.808391611432434
31.86080300864904
41.328900794204145
12.797048526937369
11.927424031841145
17.9486689060555
14.558994944519972
7.135488570693998
18.206208582308975
35.788543465223185
15.797268975998993
26.88806270381743
16.13590875223172
31.6806774356831
3.6578401320950156
9.216594589438513
15.58857920183848
23.611978620824214
23.621957640147155
12.558156158258488
20.06087109744364
5.703244009566734
15.952116714423465
22.526935538286615
14.80352011833023
44.527324446284325
13.524602581742295
26.317944836056782
24.60616980133637
38.424687785096886
22.89952092215896
17.625693215151582
29.75803097283972
45.14702252371493
18.116138745195638
26.494514428782864
20.6169430814379
10.182138920828315
24.86476538122984
13.838200689352451
25.23841101371414
28.766410888543458
16.56185289097267
49.04444742040432
16.727686068369803
27.666808487541697
9.305973188024598
16.150274928014884
7.449528740858979
25.836546221085488
32.46481337266913
14.603629497844235
27.211191968125092
11.23070756924652
21.02142399310384
20.058258694777525
31.6131491878329
23.908351689071488
17.868567323418876
29.99165786268763
21.22623744958241
19.95033371089534
16.708328425590206
21.667046639578594
14.985719400070714
28.602119113767262
22.465712352809604
14.346086280040149
13.707691379403537
45.47919284307219
20.775720311211945
25.25240931017062
11.638183411255003
23.975153975273653
13.13644251788103
25.61766922413089
29.211548459799925
14.695933640186201
15.205198031937973
16.809251853751103
28.960241997311535
33.723056940215734
23.913025229723832
11.584715096194868
7.9411856297442425
15.020549512330565
15.227831102872443
15.436957662940635
15.660951695039891
34.526002422640225
15.094038984991068
33.21948095648417
24.20177100756308
19.038705381658925
31.736842942487378
8.653789719870813
11.781314934630975
23.437048346363053
15.139125565091167
18.29603014064145
7.494902961309377
11.568382031218475
22.555124504655243
13.85936254242051
4.8805390643621775
14.506782741863825
34.793677596488884
27.56726139768691
30.776631322390838
17.759650092167327
14.034639367090053
6.443065250320611
10.535811463458707
3.9868229587339608
8.073030845138883
13.649167083065095
9.302701652875726
21.618551217617075
36.5903999335789
16.790035386172473
36.37987622790563
22.95143816162283
15.025873156779321
18.739585082987226
12.984165568810587
25.678797415913955
17.07164716273549
12.404596936166785
34.33199104805307
30.990410651516417
29.810986013648577
6.901730023116642
9.47066828678007
28.373739277328706
19.252566122788448
27.938569583377543
32.37947299375331
23.826093638621323
10.718357212162848
22.42301557077534
11.352966377409341
23.331943345998795
44.114001737653616
27.647914972420356
9.826650922602534
11.914297196056923
17.15535243195102
11.972912123514735
19.26547035113834
42.21915708196237
21.88784099430092
19.81399717227971
15.969455531546602
11.311710092874161
30.827875711185666
17.80530663450096
31.51527274535663
17.935128730333368
14.885231068637163
16.234862387660343
11.721078684427194
6.223459846743785
14.847231172910586
16.014859526435405
14.507472300611001
8.811038236816948
11.711641434618311
20.999428472888365
26.08878573492634
19.319084545120113
10.943007236477362
10.632431040958155
12.39853176951773
16.16785078554429
5.537374816834489
11.215839040409547
22.194946122088975
18.432307590479095
14.849924742757063
6.7199038766912
25.79511044441132
38.71770750898967
11.462626000966772
20.316154673336595
8.619699748544956
29.987026391380546
19.2661049761987
26.518662949717438
34.57844545809328
26.71969236396491
20.904025570055968
25.82442670545898
28.776144044076464
9.117613072002683
10.49379994258167
4.2610879872111225
8.183374821070961
19.05568685318986
7.914178672465871
17.343728483998937
9.760082530846313
9.531715597420652
20.68344403030903
8.418852043482945
11.300767455387794
3.86846316111194
4.583922806156342
3.6200048757220094
4.336613114307896
7.253354187904221
10.278941905765606
15.55483870225882
4.59329070904227
5.511237999042073
3.998339305637557
3.824060548731501
8.957451212552478
2.51253193437929
3.8677047773852253
3.4460253207039986
2.846649173196049
1.4610298177316552
2.474274823968935
1.1028223537351407
1.922079181484544
0.9824204990684487
2.7042891622012375
1.5222817220187261
1.90604740539289
1.0989756016044863
0.6289112824479057
1.5740654486510517
3.1922171173016145
2.54714251088279
5.8362396336685665
3.4423909009957723
1.8151269416828013
2.0651000002011477
1.2381097137374169
1.0297658361842754
1.464627741783722
2.844064402732184
0.957976184175816
0.35014476865061056
0.4333534155376627
0.8986466553988766
0.4663021389751394
0.722015219720997
0.3950203920091526
0.6403636482079296
0.9750753926207875
0.7086342005640495
1.1260191647121818
0.3344822545740014
1.0296847984857322
0.5184873937096016
1.0119951752132084
0.33482727799164685
0.6987620533444988
0.8885648327828667
0.22005277218885094
0.3665172999711183
0.6969425434126119
1.067640920607357
0.2662467337502903
0.3009285856523368
0.23809230106677168
0.4383720359036299
0.39372660071595367
0.1805835804838955
0.2121442107161273
0.12058329221743423
0.19636394401571597
0.11714168519273738
0.26071874602983547
0.2879227329533254
0.2052385733655158
0.187957927304706
0.49180352543427014
0.3733919860233371
0.16534405408763966
0.10893378780064968
0.10072349758026851
0.07674288749897136
0.0896985670282078
0.09597874393457616
0.12838427394595617
0.2069927152324126
0.15597536551876381
0.08292109840290615
0.052058795326209904
0.08494750241527539
0.13829550232718005
0.1078987441887775
0.04563939034130052
0.06880172502136883
0.07764700442497031
0.10690736337910889
0.03570384721739162
0.106773489667378
0.09440354902386933
0.03354567735881237
0.05808730799476668
0.0705700772471117
0.02857093367944754
0.04944498945088487
0.06487865131792599
0.030724866006986432
0.07470702337202535
0.04241010380061625
0.07234201009296265
0.07202209470766154
0.031600259943704884
0.058167136180580496
0.05071784643194332
0.03656232015975903
0.03971281548168317
0.09529290122319924
0.029305042444874096
0.15762175157946953
0.05715637176362891
0.09743243317806455
0.04225982119942291
0.0663249865573599
0.08370648654955608
0.051766370798157116
0.07328929961109104
0.08305345197730532
0.053140117923638215
0.06362126335567482
0.05805225770746676
0.02748407125482795
0.05689761376688359
0.04070073902350304
0.09535347254714358
0.06888307203103701
0.07627171776476588
0.024095758231185895
0.036938546692881546
0.025191842392624026
0.023300786315030988
0.041616915483365456
0.04259612258772078
0.046633386919238864
0.020426819138340893
0.0378049906505173
0.029608006757407334
0.038173468085890595
0.02231504109004203
0.01900999063586373
0.022343109810845734
0.03851255199125966
0.014515345340504185
0.01425041214576982
0.040753618576675886
0.05474419677810517
0.036470416142997286
0.03586544833067803
0.031507879131574885
0.03885414953277817
0.03304213048359692
0.030665471079788155
0.05019297943368481
0.017685331498980713
0.02140018970209753
0.02771940445170047
0.021383758169583888
0.01635519486218702
0.03352724120286247
0.0264097591682681
0.058977713560526425
0.021199130698053802
0.03950512560127828
0.06005288441929703
0.026018490079993076
0.011980701883130806
0.022155835491434402
0.01073146120810378
0.00756885535881616
0.026024751510220313
0.021865566517803074
0.018469105986408718
0.031975077301791055
0.02240603319601779
0.029648026996095353
0.024129778843773562
0.026352252345195278
0.023022652281246926
0.00855691753480336
0.007420596888044189
0.00870616508804071
0.01868910699930836
0.025649454145307015
0.03197347890735621
0.018527714571632808
0.026924814566448848
0.007799124096934113
0.018495526331589438
0.017933493734411592
0.009760292935987952
0.035175474045319864
0.017413343823811593
0.006243903536599843
0.010708927512473968
0.008720982206600536
0.029210853295382328
0.00948330207908497
0.021475672331598146
0.009109708109523522
0.011866045921016179
0.016791215409562698
0.02452423908660894
0.02533999073032707
0.02397935053626665
0.03797878213247773
0.017486699503618603
0.01320521109601686
0.004910703296826071
0.017946933116111726
0.010137941601072611
0.01781877669062672
0.021874041267020517
0.028531665139361912
0.020756552221579128
0.014359935295804982
0.01663330627779918
0.009872096513623946
0.011151558046492458
0.006639506410211563
0.015508790662354137
0.013643175693448835
0.0110499031556548
0.011730392913850632
0.012477448594676206
0.012416634503195554
0.007992352746353184
0.025167154436765034
0.008971124996264929
0.010617173469130128
0.013348187923094721
0.01011087390225447
0.01675838901724541
0.01630873775067203
0.007136165511209296
0.037746146979829025
0.009180625045073824
0.022906415214466187
0.010791341748751808
0.019081813787850496
0.017135948054341776
0.009427674561038334
0.006280776052587664
0.007281361288640371
0.01500014621120576
0.008072389210267355
0.012086280542331398
0.0038612099276981626
0.016243995066960337
0.009048881972035745
0.006600756142866816
0.007361126230649031
0.009012174162610163
0.012533581587737371
0.002236358963752585
0.010806838564619448
0.011979086785398054
0.007700049197343665
0.006704723470513935
0.00851236302351018
0.005448810365155167
0.007113275357607972
0.004484874288641157
0.005876417805113226
0.014157779509807697
0.005772117947612819
0.0065145830280125775
0.01563719489775902
0.015386445707393155
0.007339897148755972
0.0061384362204402075
0.01799130551388484
0.006787171529699248
0.003957599197320736
0.0060800558858613235
0.006436035056356289
0.0037016393658763987
0.01314633125293707
0.008367599136844575
0.015278859852507149
0.02935851611652708
0.006131463439425204
0.008125492713776158
0.012630229401725895
0.010399040515826657
0.013493018791283872
0.010874886160866641
0.006380074792250579
0.0030172230237285797
0.005361544585399368
0.00274485072425352
0.00646553428510369
0.00839228345542759
0.00610376685361061
0.011378938823869693
0.00740121987718281
0.006646748117687838
0.0053849957775718256
0.004222908255027369
0.005147637594102315
0.002695483175605141
0.010563395350812264
0.0037953461688691303
0.002645544964488093
0.0027053122693275447
0.009744475288947833
0.01638448747815822
0.009035521069562798
0.005934911778506084
0.006111401207447505
0.007226182587361907
0.0048384143616287565
0.005417445815731529
0.0074240459789607265
0.005158558342705816
0.008704480891248569
0.005455908522141571
0.009329714868259118
0.009235623893595972
0.004634365174753314
0.009235786296680416
0.005688614894137189
0.00820479588464414
0.012928452884040337
0.0027179668132651003
0.007733269539370788
0.015537069945976084
0.0153719509961329
0.007704152453801081
0.00473816539785211
0.004976466468446065
0.0082187673958734
0.010339913443235779
0.011335179935962293
0.007641128682453783
0.0055859867340314045
0.008189076688962887
0.004069694694161684
0.012028795629983767
0.005114461572616843
0.0049039552428530395
0.01060099033978464
0.005448686665994466
0.0047425128129510614
0.002424376094470924
0.004554767695101975
0.002406690817713675
0.004580715179080928
0.009756542037177445
0.010377633483444596
0.003182839906646007
0.004956713575856772
0.002811364535417234
0.006618678560623271
0.0074255326588012534
0.003896225444046946
0.0036836623143915075
0.012889982534520839
0.014011297671855319
0.009984885298946347
0.0067292943527225285
0.008976890979135807
0.00769446269907314
0.009281331215982513
0.011054426087085956
0.009312026035246324
0.010817561002268829
0.0030881049516089405
0.006465013147254586
0.005245233854332979
0.009511072077267625
0.004049963952170033
0.0057422944924286935
0.0034594027905166577
0.0025260732569022106
0.009464366623341195
0.00431964324076753
0.0034045650909913763
0.0108228938415733
0.004066134557178988
0.006392610036898221
0.0044177593842301115
0.003355759385868706
0.006784992257288491
0.004558369782456899
0.005364129007281796
0.0057950985748655235
0.008889931915065069
0.007691475399751412
0.006504540863161601
0.005534816293268733
0.005330792242044181
0.009314382379099068
0.0016139675999694804
0.010950572548760569
0.009321398979566601
0.009966497860864502
0.010791461634834635
0.007812103801657829
0.005273222758054471
0.0021271702705952782
0.002208635456074568
0.0062774247960910735
0.0022772809085588822
0.00437063492707702
0.005120869817754314
0.009686037914258958
0.0056796095921744965
0.006773727106963515
0.0073306156945989465
0.00524723620341416
0.001428318345829129
0.003217679953480922
0.003041272047582529
0.004912761820474414
0.003488253395084164
0.004504441543258505
0.004441445943361783
0.0015480216869480058
0.0036464802601912055
0.005624901271430455
0.002541691274267374
0.004995654653450124
0.005827815245395722
0.0054738718897014696
0.005075245031234067
0.003175077629445336
0.0031476611963274937
0.0027077832552593003
0.0022965202715312877
0.00316846939191058
0.0024732689299189732
0.0018293707258779425
0.005137653617873405
0.005364209699531435
0.004318403797843759
0.006699283623871725
0.007543565574685649
0.008628285422011495
0.002013383519692955
0.0020772224428760237
0.0031760850762970077
0.0037079263099247715
0.00552097454083346
0.00315791335204373
0.003937289840868808
0.002583999125419897
0.0018071206000191346
0.0028000873507740046
0.007133964917776311
0.0029217451469446816
0.005079565879629122
0.002239100919413907
0.003071204253461841
0.003798098574063201
0.0025202036650030088
0.004440090495483143
0.003923518820457993
0.003885346166441549
0.004207638650960745
0.004564654821012841
0.0033360283339097527
0.008362315891389383
0.0035376686536521067
0.008313449211775466
0.006784903820943992
0.0031370428852372095
0.003300870712755506
0.002093197484480143
0.0017519960624701929
0.003731525692351374
0.0025252104742412296
0.006544281526126963
0.007659925907599047
0.0024843788650208676
0.0051637708795407
0.004240899719333364
0.003164839569608885
0.002895867527503843
0.0027238122656436815
0.0027769319273667483
0.003285499596482973
0.007338990409029092
0.004070473908503391
0.001615935997662354
0.002896369176658421
0.003444710468104997
0.0033014552212244897
0.002799647310123075
0.00128031355914276
0.002719340865760903
0.005208534721390308
0.005313720958747104
0.0014433612864490312
0.004849365984143054
0.004369426078632809
0.002576685876751138
0.004265013916375581
0.0024681461621612194
0.0035308653566082145
0.0015857686655036296
0.0022821757950922113
0.0018547460408688417
0.002653436874046191
0.003572645799809543
0.0038199824222052868
0.001201804966580036
0.0020602493334712538
0.0034802985850550636
0.0032594523787116184
0.003033414277414863
0.0024073378726495254
0.003854071137128838
0.0028170781958746774
0.0038780697617837863
0.0013223377241468152
0.0031534302098815805
0.0015946646587760628
0.0006054959757409374
